2 0.79453125 0.2890625 0.3046875 0.134375
2 0.5359375 0.43828125 0.153125 0.1171875
2 0.30859375 0.66875 0.1921875 0.275
2 0.53125 0.321875 0.1625 0.11875
2 0.33359375 0.34921875 0.2203125 0.0984375
2 0.58515625 0.19296875 0.2140625 0.0828125
2 0.403125 0.5515625 0.1 0.1375
2 0.328125 0.2609375 0.2625 0.084375
2 0.56171875 0.26953125 0.1703125 0.0828125
2 0.2875 0.4453125 0.13125 0.103125
2 0.2796875 0.265625 0.2875 0.159375
2 0.13359375 0.371875 0.0671875 0.10625
2 0.84609375 0.603125 0.2578125 0.228125
2 0.40703125 0.4359375 0.1109375 0.1375
2 0.62734375 0.41484375 0.0296875 0.1109375
2 0.7875 0.47890625 0.31875 0.2671875
2 0.62421875 0.35390625 0.0390625 0.0796875
2 0.19609375 0.7953125 0.2140625 0.409375
