2 0.4765625 0.20078125 0.084375 0.1859375
2 0.66484375 0.33203125 0.0953125 0.1796875
2 0.8578125 0.1484375 0.284375 0.178125
2 0.8546875 0.5140625 0.290625 0.171875
2 0.8578125 0.67265625 0.284375 0.1328125
2 0.85625 0.3328125 0.2875 0.18125
2 0.57109375 0.1625 0.1078125 0.203125
2 0.4015625 0.371875 0.06875 0.15
2 0.66640625 0.14609375 0.0921875 0.1765625
2 0.47578125 0.35703125 0.0859375 0.1703125
2 0.66484375 0.5140625 0.0953125 0.178125
2 0.3390625 0.38203125 0.065625 0.1328125
2 0.3375 0.49296875 0.065625 0.3609375
