2 0.49921875 0.5578125 0.9765625 0.884375
2 0.0765625 0.62890625 0.153125 0.3796875
2 0.04453125 0.2984375 0.0890625 0.35
2 0.1109375 0.87734375 0.21875 0.2453125
2 0.63671875 0.81015625 0.2515625 0.3796875
2 0.3609375 0.11328125 0.15625 0.1015625
2 0.40234375 0.784375 0.0765625 0.30625
2 0.8859375 0.1921875 0.228125 0.228125
2 0.5453125 0.11171875 0.265625 0.2203125
2 0.40234375 0.953125 0.0796875 0.09375
2 0.8078125 0.73671875 0.23125 0.3796875
2 0.20703125 0.67421875 0.0640625 0.2484375
2 0.47578125 0.8203125 0.0796875 0.321875
2 0.33515625 0.75078125 0.0703125 0.2953125
2 0.33203125 0.93984375 0.0609375 0.1203125
2 0.2703125 0.71484375 0.06875 0.2859375
2 0.39765625 0.4421875 0.6171875 0.4625
2 0.46171875 0.134375 0.0421875 0.084375
2 0.91953125 0.42578125 0.1515625 0.2984375
