2 0.390625 0.35859375 0.08125 0.2296875
2 0.31875 0.93984375 0.08125 0.1203125
2 0.06484375 0.89296875 0.1296875 0.2140625
2 0.8125 0.62421875 0.375 0.2359375
2 0.70859375 0.13671875 0.5796875 0.2359375
2 0.23828125 0.54453125 0.0828125 0.2203125
2 0.06484375 0.7140625 0.1296875 0.23125
2 0.13515625 0.09375 0.2703125 0.1875
2 0.0296875 0.70390625 0.059375 0.2140625
2 0.76171875 0.3828125 0.4765625 0.25625
2 0.23359375 0.3328125 0.0828125 0.225
2 0.384375 0.13125 0.0875 0.23125
2 0.09375 0.51640625 0.075 0.2140625
2 0.03046875 0.503125 0.0609375 0.2125
2 0.31171875 0.34375 0.0796875 0.215625
2 0.3078125 0.1234375 0.078125 0.215625
2 0.16640625 0.3078125 0.2109375 0.203125
2 0.478125 0.37109375 0.1 0.2390625
2 0.24140625 0.928125 0.0765625 0.14375
2 0.4796875 0.140625 0.109375 0.228125
2 0.32578125 0.571875 0.0890625 0.2125
