2 0.7359375 0.43515625 0.178125 0.0765625
2 0.73359375 0.30703125 0.1796875 0.0796875
2 0.7359375 0.36953125 0.18125 0.0765625
2 0.1109375 0.45234375 0.21875 0.0953125
2 0.88671875 0.3046875 0.2109375 0.084375
2 0.109375 0.53515625 0.21875 0.0953125
2 0.4796875 0.25703125 0.325 0.0921875
2 0.54609375 0.3328125 0.1953125 0.0875
2 0.91015625 0.44140625 0.1671875 0.0796875
2 0.9078125 0.371875 0.16875 0.084375
2 0.746875 0.56875 0.1625 0.075
2 0.5484375 0.4078125 0.19375 0.0875
2 0.92109375 0.6453125 0.1453125 0.071875
2 0.10859375 0.36796875 0.2140625 0.0984375
2 0.74140625 0.5 0.1703125 0.075
2 0.5546875 0.55546875 0.18125 0.0828125
2 0.91328125 0.5078125 0.1640625 0.078125
2 0.74921875 0.63984375 0.1640625 0.0765625
2 0.3375 0.309375 0.21875 0.096875
2 0.55 0.48046875 0.190625 0.0859375
2 0.10859375 0.28828125 0.2140625 0.0890625
2 0.33828125 0.3890625 0.2078125 0.090625
2 0.9203125 0.5765625 0.14375 0.071875
2 0.55625 0.6328125 0.178125 0.08125
2 0.109375 0.61875 0.215625 0.0875
2 0.546875 0.4828125 0.196875 0.39375
2 0.34140625 0.46484375 0.2078125 0.0890625
2 0.34375 0.54609375 0.2 0.0859375
2 0.1 0.21953125 0.196875 0.0859375
2 0.3421875 0.6265625 0.203125 0.08125
2 0.38359375 0.25234375 0.1390625 0.0671875
