0 0.53515625 0.71328125 0.1296875 0.2171875
0 0.89140625 0.53828125 0.1640625 0.1484375
0 0.3 0.03671875 0.165625 0.0734375
0 0.5671875 0.50390625 0.08125 0.0921875
0 0.81171875 0.753125 0.0765625 0.084375
0 0.20859375 0.71015625 0.3484375 0.5703125
0 0.6765625 0.6875 0.09375 0.11875
0 0.55078125 0.46953125 0.0921875 0.0765625
0 0.53984375 0.465625 0.1046875 0.1625
0 0.66640625 0.13046875 0.3015625 0.2515625
0 0.8375 0.63203125 0.08125 0.1078125
0 0.553125 0.2546875 0.1125 0.1125
0 0.93515625 0.56015625 0.0703125 0.1328125
0 0.64453125 0.42734375 0.1015625 0.1578125
