0 0.09140625 0.60234375 0.1328125 0.1078125
0 0.253125 0.65 0.04375 0.046875
0 0.29375 0.59765625 0.046875 0.0484375
0 0.296875 0.640625 0.046875 0.053125
0 0.209375 0.63203125 0.046875 0.0359375
0 0.2515625 0.59765625 0.04375 0.0609375
0 0.3390625 0.615625 0.040625 0.05
0 0.24765625 0.5015625 0.0453125 0.053125
0 0.4234375 0.57421875 0.0375 0.0421875
0 0.0765625 0.26796875 0.040625 0.0453125
0 0.21015625 0.66640625 0.0484375 0.0390625
0 0.91328125 0.090625 0.1734375 0.11875
0 0.3796875 0.50703125 0.040625 0.0421875
0 0.38203125 0.615625 0.0453125 0.04375
0 0.25703125 0.69609375 0.0421875 0.0484375
0 0.46796875 0.61328125 0.0390625 0.0359375
0 0.121875 0.30234375 0.040625 0.0421875
0 0.1125 0.809375 0.059375 0.09375
0 0.384375 0.659375 0.04375 0.046875
0 0.340625 0.65859375 0.0375 0.0390625
0 0.2046875 0.425 0.040625 0.046875
0 0.0578125 0.8625 0.05625 0.140625
0 0.0890625 0.421875 0.040625 0.04375
0 0.16171875 0.2953125 0.0359375 0.05
0 0.128125 0.41875 0.040625 0.05
0 0.2046875 0.5171875 0.046875 0.05625
0 0.46640625 0.65390625 0.0390625 0.0484375
0 0.33359375 0.56875 0.0390625 0.053125
0 0.290625 0.55 0.05 0.05
0 0.04140625 0.67109375 0.0796875 0.1515625
0 0.4265625 0.7046875 0.040625 0.05
0 0.42421875 0.53125 0.0390625 0.04375
0 0.15703125 0.85078125 0.0421875 0.1484375
0 0.72578125 0.33125 0.0328125 0.040625
0 0.24921875 0.54765625 0.0359375 0.0421875
0 0.2984375 0.2890625 0.040625 0.0375
0 0.196875 0.23203125 0.04375 0.0453125
0 0.115625 0.23671875 0.034375 0.0390625
0 0.1984375 0.2671875 0.040625 0.03125
0 0.15625 0.2109375 0.034375 0.040625
0 0.11328125 0.87421875 0.0671875 0.1390625
0 0.30078125 0.39609375 0.0390625 0.0359375
0 0.3 0.43125 0.04375 0.040625
0 0.26484375 0.42578125 0.0328125 0.0484375
0 0.11328125 0.94296875 0.0515625 0.1140625
0 0.5734375 0.39453125 0.034375 0.0390625
0 0.38125 0.58125 0.040625 0.034375
0 0.0984375 0.51953125 0.05625 0.0640625
0 0.20703125 0.56015625 0.0484375 0.0484375
0 0.23515625 0.25390625 0.0296875 0.0328125
0 0.57734375 0.5203125 0.0390625 0.046875
0 0.05546875 0.77109375 0.0640625 0.1359375
0 0.39609375 0.21796875 0.0328125 0.0390625
0 0.20234375 0.3328125 0.0421875 0.05625
0 0.46640625 0.6984375 0.0359375 0.04375
0 0.81953125 0.26484375 0.0234375 0.0296875
0 0.14921875 0.51015625 0.0515625 0.0546875
0 0.5765625 0.56796875 0.0375 0.0484375
0 0.2375 0.28671875 0.028125 0.0359375
0 0.23203125 0.2234375 0.0265625 0.034375
0 0.07578125 0.22578125 0.0390625 0.0484375
0 0.5734375 0.4328125 0.03125 0.040625
0 0.52265625 0.66484375 0.0484375 0.0359375
0 0.11171875 0.2 0.0421875 0.0375
0 0.4328125 0.2765625 0.028125 0.03125
0 0.65234375 0.26875 0.0515625 0.025
0 0.60625 0.39609375 0.03125 0.0421875
0 0.66796875 0.32578125 0.0265625 0.0328125
0 0.2109375 0.7015625 0.046875 0.034375
0 0.0734375 0.35546875 0.01875 0.0453125
0 0.69453125 0.38046875 0.0234375 0.0359375
0 0.12578125 0.74765625 0.1015625 0.1015625
0 0.4328125 0.24609375 0.028125 0.0359375
0 0.19921875 0.29296875 0.0421875 0.0296875
0 0.29765625 0.48984375 0.0421875 0.0296875
0 0.52578125 0.5578125 0.0421875 0.03125
0 0.728125 0.24375 0.03125 0.025
0 0.84453125 0.36875 0.0296875 0.028125
0 0.69453125 0.3203125 0.0265625 0.028125
0 0.0171875 0.91953125 0.034375 0.1609375
0 0.571875 0.2828125 0.040625 0.028125
0 0.60859375 0.28984375 0.0328125 0.0390625
0 0.525 0.590625 0.04375 0.04375
0 0.6046875 0.24375 0.03125 0.05625
0 0.8171875 0.29296875 0.021875 0.0265625
0 0.1640625 0.33671875 0.034375 0.0359375
0 0.16015625 0.75390625 0.0453125 0.0984375
0 0.66953125 0.3578125 0.0265625 0.034375
0 0.384375 0.70078125 0.04375 0.0421875
0 0.66796875 0.43515625 0.0328125 0.0390625
0 0.01640625 0.803125 0.0328125 0.1375
0 0.36328125 0.2453125 0.0359375 0.0375
0 0.728125 0.2171875 0.034375 0.03125
0 0.66953125 0.24609375 0.0265625 0.0546875
0 0.30078125 0.69140625 0.0484375 0.0578125
0 0.71171875 0.7703125 0.0734375 0.1
0 0.16015625 0.2515625 0.0359375 0.040625
0 0.334375 0.29765625 0.028125 0.0328125
0 0.20859375 0.59765625 0.0484375 0.0359375
0 0.72578125 0.3671875 0.0296875 0.03125
0 0.39921875 0.33125 0.0359375 0.040625
0 0.42734375 0.6625 0.0359375 0.034375
0 0.36328125 0.209375 0.0328125 0.0375
0 0.16796875 0.40859375 0.0359375 0.0359375
0 0.7515625 0.334375 0.021875 0.028125
0 0.4 0.3671875 0.034375 0.0375
0 0.640625 0.2328125 0.03125 0.025
0 0.7515625 0.3640625 0.021875 0.034375
0 0.7828125 0.3546875 0.0375 0.01875
0 0.5703125 0.25625 0.0375 0.025
0 0.33203125 0.203125 0.0265625 0.0375
0 0.72578125 0.296875 0.0296875 0.03125
0 0.78359375 0.33359375 0.0390625 0.0265625
0 0.69375 0.3484375 0.025 0.034375
0 0.23984375 0.31953125 0.0296875 0.0328125
0 0.6375 0.4015625 0.034375 0.03125
0 0.42421875 0.6140625 0.0359375 0.0375
0 0.29609375 0.253125 0.0359375 0.034375
0 0.7828125 0.24921875 0.0375 0.0203125
0 0.1671875 0.60859375 0.03125 0.0828125
0 0.08828125 0.3890625 0.0421875 0.028125
0 0.07109375 0.1796875 0.0390625 0.04375
0 0.61875 0.60078125 0.03125 0.0359375
0 0.784375 0.27265625 0.040625 0.0203125
0 0.81484375 0.34765625 0.0265625 0.0265625
0 0.365625 0.30390625 0.034375 0.0203125
0 0.696875 0.290625 0.028125 0.03125
0 0.4671875 0.578125 0.0375 0.0375
0 0.3 0.32734375 0.0375 0.0390625
0 0.05546875 0.9484375 0.0578125 0.103125
0 0.5734375 0.61484375 0.05 0.0453125
0 0.1171875 0.69140625 0.103125 0.0671875
0 0.40078125 0.4015625 0.0328125 0.034375
0 0.8203125 0.2421875 0.025 0.021875
0 0.5234375 0.6984375 0.04375 0.04375
0 0.69921875 0.2296875 0.0234375 0.025
0 0.36484375 0.2828125 0.0359375 0.028125
0 0.73203125 0.3890625 0.0421875 0.021875
0 0.39609375 0.25546875 0.0359375 0.0390625
0 0.08359375 0.30546875 0.0421875 0.0328125
0 0.259375 0.225 0.028125 0.03125
0 0.09453125 0.3546875 0.0265625 0.046875
0 0.60625 0.328125 0.034375 0.03125
0 0.72890625 0.4140625 0.0328125 0.034375
0 0.73359375 0.2703125 0.0390625 0.028125
0 0.2625 0.25859375 0.03125 0.0359375
0 0.6984375 0.25859375 0.025 0.0265625
0 0.459375 0.225 0.025 0.034375
0 0.15390625 0.56015625 0.0515625 0.0515625
0 0.3421875 0.70234375 0.0375 0.0328125
0 0.61796875 0.5375 0.0328125 0.0375
0 0.5234375 0.63046875 0.04375 0.0421875
0 0.12890625 0.37578125 0.0421875 0.0390625
0 0.4 0.29375 0.034375 0.0375
0 0.36484375 0.325 0.0359375 0.025
0 0.78203125 0.39765625 0.0359375 0.0328125
0 0.43203125 0.3375 0.0296875 0.034375
0 0.8140625 0.32109375 0.025 0.0265625
0 0.3703125 0.41640625 0.03125 0.0234375
0 0.784375 0.29609375 0.040625 0.0171875
0 0.33671875 0.39609375 0.0328125 0.0328125
