0 0.2453125 0.89296875 0.096875 0.1203125
0 0.3265625 0.90234375 0.0875 0.1171875
0 0.334375 0.8234375 0.084375 0.059375
0 0.40546875 0.90390625 0.0828125 0.1140625
0 0.34765625 0.571875 0.1265625 0.115625
0 0.45859375 0.11484375 0.2453125 0.2265625
0 0.25546875 0.8015625 0.0859375 0.08125
0 0.52265625 0.64296875 0.1015625 0.0765625
0 0.2390625 0.96171875 0.09375 0.0484375
0 0.11640625 0.72890625 0.2328125 0.3046875
0 0.51875 0.446875 0.15 0.121875
0 0.40234375 0.22578125 0.1703125 0.1171875
0 0.1828125 0.12421875 0.33125 0.2453125
0 0.2921875 0.27734375 0.2 0.2078125
